Apparent_AUC: 0.7610724629314243
Corrected_AUC: 0.7575626351496197
CI_lower: 0.7561284386456137
CI_upper: 0.7617500649481858
Corrected_cal_slope: 0.9805942821549709
